id,num_members,head_gender,vulnerability_score,resources_food,resources_water,resources_shelter,resources_medicine,marginalized_flag,elderly_count,children_count,disability_flag,distance_to_center,past_aid_received
H1,6,Female,0.33,6,6,1,2,0,1,2,1,4.69,1
H2,7,Female,0.28,3,1,2,0,0,0,2,0,1.75,0
H3,5,Female,0.71,4,2,2,0,0,1,1,0,4.78,1
H4,7,Female,0.77,4,5,1,2,1,1,3,0,0.78,0
H5,7,Female,0.23,1,6,1,1,1,1,1,0,3.21,2
H6,4,Male,0.95,2,1,1,2,1,2,1,0,0.76,1
H7,5,Female,0.24,5,1,1,2,0,1,2,0,4.52,2
H8,5,Male,0.63,5,2,1,1,1,0,1,0,2.88,1
H9,5,Female,0.77,1,3,2,1,0,0,0,0,3.51,0
H10,7,Male,0.9,6,1,2,0,1,1,1,0,4.24,0
H11,6,Female,0.77,2,5,2,0,1,0,1,0,1.18,1
H12,5,Male,0.84,3,1,2,2,0,2,2,1,0.67,1
H13,7,Female,0.47,6,5,1,1,0,1,1,0,4.45,1
H14,4,Male,0.85,6,6,1,0,1,0,3,0,1.92,0
H15,6,Female,0.26,1,6,1,2,1,0,2,1,1.08,1
H16,4,Male,0.92,1,4,2,1,1,1,1,0,2.61,1
H17,6,Female,0.64,5,4,2,2,0,0,0,0,3.19,2
H18,7,Male,0.85,1,5,2,0,0,1,0,0,0.64,1
H19,3,Male,0.56,1,3,1,0,0,0,2,0,1.74,2
H20,6,Female,0.71,1,1,2,1,1,2,2,0,0.65,2
H21,4,Female,0.62,5,1,1,2,0,0,1,0,2.39,2
H22,7,Male,0.79,3,4,1,1,1,0,3,0,4.53,0
H23,6,Female,0.27,3,5,1,0,0,1,1,0,4.92,2
H24,3,Male,0.25,1,1,1,0,0,0,0,0,3.37,1
H25,3,Male,0.4,5,1,1,2,0,1,3,0,1.23,0
H26,5,Male,0.33,3,3,1,2,1,2,3,0,4.58,0
H27,5,Female,0.9,6,2,2,2,0,1,3,0,2.82,0
H28,4,Male,0.38,3,4,1,1,0,1,1,0,1.19,0
H29,6,Male,0.98,3,4,1,2,0,0,0,0,4.65,0
H30,6,Female,0.47,5,2,2,2,0,2,2,0,3.91,0
H31,5,Female,0.35,6,1,1,0,0,1,1,0,3.79,0
H32,6,Female,0.83,5,3,2,0,1,0,2,0,3.69,2
H33,6,Female,0.73,1,3,2,2,0,0,3,0,1.4,1
H34,3,Male,0.6,4,4,2,2,0,1,3,0,1.45,1
H35,5,Male,0.64,3,3,1,0,1,0,1,1,3.6,2
H36,7,Male,0.78,4,6,1,2,1,1,0,0,1.49,2
H37,5,Male,0.38,5,2,2,1,0,1,3,0,2.47,0
H38,7,Female,1.0,5,1,1,1,0,1,2,0,4.02,0
H39,3,Male,0.98,5,6,1,1,1,2,2,0,4.03,2
H40,4,Male,0.72,4,2,2,2,1,1,1,0,2.54,0
H41,6,Female,0.36,5,5,2,0,1,0,2,0,4.06,1
H42,3,Male,0.74,1,4,1,2,0,2,0,0,4.27,1
H43,6,Male,0.26,5,3,2,2,0,0,3,1,3.45,0
H44,4,Male,0.22,2,5,2,0,1,2,2,0,1.53,0
H45,4,Male,0.41,4,3,2,0,0,2,2,0,1.73,0
H46,3,Male,0.57,2,6,1,0,0,2,3,0,1.92,1
H47,4,Male,0.89,5,1,1,1,1,2,1,1,1.03,0
H48,7,Female,0.78,1,1,1,2,0,0,2,0,1.73,2
H49,4,Female,0.79,3,1,2,0,0,1,1,0,1.44,0
H50,6,Male,0.54,6,3,1,2,0,0,1,1,2.55,2
H51,6,Male,0.48,6,5,2,1,0,1,2,0,4.59,0
H52,6,Female,0.5,5,1,1,1,0,0,0,0,0.97,0
H53,6,Male,0.99,1,5,1,0,1,2,1,0,3.74,1
H54,7,Male,0.23,4,3,2,0,0,2,2,0,3.59,2
H55,5,Male,0.89,2,6,1,2,0,1,1,0,0.93,2
H56,3,Female,0.66,2,5,2,0,1,1,3,0,4.65,2
H57,6,Male,0.55,2,6,1,2,0,0,0,0,3.06,1
H58,4,Female,0.78,4,3,1,0,0,1,0,0,2.14,2
H59,6,Male,0.59,6,3,2,2,1,0,3,0,3.9,1
H60,4,Female,0.9,1,4,2,2,1,1,3,0,1.66,0
H61,4,Female,0.92,4,3,2,2,0,1,1,0,3.62,0
H62,6,Male,0.54,2,3,1,2,1,1,3,0,0.68,2
H63,7,Female,0.42,5,2,1,1,0,2,0,0,4.28,0
H64,4,Male,0.67,3,1,1,2,1,2,3,0,2.52,0
H65,4,Female,0.93,4,4,2,0,0,0,2,0,3.37,2
H66,6,Male,0.37,4,4,2,1,1,1,2,0,1.5,0
H67,4,Male,0.7,1,4,2,1,0,0,1,0,3.55,2
H68,4,Female,0.71,1,2,1,2,0,1,0,1,3.98,2
H69,6,Male,0.79,4,6,1,1,0,2,2,0,2.63,0
H70,6,Male,0.31,2,3,2,2,0,2,3,0,3.28,0
H71,3,Female,0.77,3,1,1,0,1,1,2,0,2.55,0
H72,7,Male,0.93,1,5,2,2,0,1,2,0,4.52,0
H73,7,Male,0.34,2,6,1,1,0,2,1,0,2.74,0
H74,4,Female,0.39,5,3,1,0,0,2,3,0,4.29,1
H75,7,Female,0.98,1,2,2,2,0,0,3,1,4.11,0
H76,4,Male,0.34,2,3,1,0,1,2,3,0,2.35,1
H77,3,Male,0.88,2,3,1,0,1,1,1,0,1.54,2
H78,6,Female,0.59,3,2,2,1,0,0,3,0,2.33,0
H79,6,Female,0.4,3,4,2,0,1,1,3,0,4.22,0
H80,6,Male,0.9,5,4,1,1,1,0,2,1,1.52,0
H81,7,Female,0.56,2,1,2,0,0,1,2,0,2.86,2
H82,3,Male,0.61,6,1,1,2,0,2,3,0,4.13,1
H83,7,Male,0.49,2,4,2,0,1,1,0,0,2.09,1
H84,7,Male,0.67,3,6,1,2,0,0,0,0,3.39,0
H85,3,Male,0.33,6,5,1,2,1,1,3,0,1.61,0
H86,3,Male,0.51,1,3,2,0,0,0,0,0,0.99,0
H87,3,Female,0.98,1,5,1,2,0,1,1,0,4.07,0
H88,3,Female,0.41,4,3,1,0,0,2,2,0,0.95,2
H89,6,Female,0.73,3,4,2,0,0,2,1,0,1.72,0
H90,5,Female,0.46,4,1,2,2,1,1,2,0,4.35,2
H91,5,Male,0.82,6,6,1,2,0,1,0,0,2.06,0
H92,3,Male,0.3,3,1,2,1,0,1,0,0,4.88,1
H93,5,Male,0.98,5,5,2,2,1,0,3,0,4.91,1
H94,5,Male,0.56,2,1,1,1,0,1,0,0,1.71,0
H95,3,Female,0.39,5,4,1,2,0,1,0,0,0.68,0
H96,5,Male,0.26,6,6,2,0,1,0,3,0,3.67,2
H97,7,Male,0.34,3,5,2,2,1,2,3,1,2.53,0
H98,4,Female,0.62,6,6,2,0,0,1,2,0,0.95,0
H99,4,Female,0.47,2,3,1,0,0,1,0,0,3.68,0
H100,3,Female,0.86,1,1,1,0,0,2,2,0,0.64,1
H101,6,Female,0.54,1,6,1,1,0,2,2,0,4.42,2
H102,3,Male,0.4,6,2,1,2,0,0,1,0,1.12,1
H103,6,Male,0.69,4,1,1,0,0,1,0,1,1.07,2
H104,4,Female,0.77,3,3,1,0,0,1,0,0,1.29,1
H105,3,Male,0.33,3,6,1,1,0,0,1,1,4.82,0
H106,7,Male,0.33,1,5,2,2,0,2,2,0,3.62,1
H107,5,Male,0.23,5,3,2,2,0,0,0,0,4.11,1
H108,6,Female,0.79,2,2,1,1,1,2,2,0,2.29,2
H109,5,Male,0.73,5,6,1,1,1,0,1,0,2.01,2
H110,5,Female,0.58,5,4,1,2,0,2,3,0,1.56,1
H111,3,Male,0.88,6,1,2,1,0,0,2,1,2.66,2
H112,5,Male,0.84,1,5,1,2,0,2,0,1,2.98,2
H113,7,Male,0.67,1,4,2,2,0,2,3,1,3.34,2
H114,5,Female,0.89,1,6,2,0,0,2,2,0,1.66,2
H115,3,Male,0.36,6,6,2,0,0,2,2,0,4.77,2
H116,7,Female,0.29,4,3,2,2,0,2,3,0,1.26,1
H117,4,Female,0.42,5,6,2,2,1,1,3,0,4.85,2
H118,5,Female,0.25,6,5,1,2,0,2,3,0,0.57,0
H119,3,Male,0.62,3,4,1,2,0,1,0,0,2.67,1
H120,4,Male,0.95,2,5,2,2,1,2,0,0,2.0,1
H121,4,Male,0.23,4,2,1,2,0,1,2,0,2.52,1
H122,6,Male,0.3,3,2,2,1,0,1,2,0,3.07,2
H123,7,Female,0.56,5,1,2,2,0,0,1,0,2.46,0
H124,5,Female,0.95,1,1,1,1,0,2,0,0,2.37,2
H125,3,Female,0.45,5,2,1,1,1,0,2,0,3.8,1
H126,6,Male,0.61,6,6,1,2,0,0,3,0,3.59,1
H127,7,Female,0.23,2,5,1,2,0,2,3,0,4.25,1
H128,6,Male,0.32,6,2,1,1,0,0,0,0,1.62,1
H129,7,Female,0.99,4,1,2,1,0,2,3,0,3.24,2
H130,7,Male,0.97,4,2,1,2,1,0,1,0,3.13,0
H131,5,Male,0.2,2,6,1,2,1,2,2,0,2.16,0
H132,7,Female,0.96,3,2,1,1,0,2,2,0,2.69,1
H133,6,Female,0.71,3,5,2,1,0,2,2,0,1.91,0
H134,7,Female,0.89,4,4,1,1,0,1,0,0,1.14,1
H135,5,Female,0.56,4,6,2,0,1,0,3,0,1.46,1
H136,5,Male,0.61,1,1,1,1,0,1,1,0,0.97,0
H137,6,Female,0.59,3,5,1,0,0,0,0,0,3.57,1
H138,4,Female,0.73,2,2,2,2,0,0,2,0,3.47,0
H139,4,Female,0.31,3,2,1,2,0,0,1,0,4.78,1
H140,7,Male,0.22,1,4,1,1,0,1,2,0,3.78,0
H141,3,Male,0.45,6,1,2,2,0,0,2,0,0.73,1
H142,7,Female,0.76,4,1,1,2,0,1,0,0,4.48,0
H143,6,Male,0.36,4,3,2,2,0,2,2,0,4.38,1
H144,6,Female,0.74,1,1,2,2,0,0,1,1,2.49,1
H145,6,Male,0.98,2,4,2,0,1,0,2,0,3.14,1
H146,6,Male,0.28,4,3,2,0,0,2,3,0,4.89,0
H147,6,Male,0.74,5,3,2,1,0,2,2,0,2.9,2
H148,5,Male,0.56,4,2,1,1,0,0,0,0,4.57,1
H149,4,Female,0.89,5,2,1,1,0,2,1,0,0.87,1
H150,6,Female,0.34,1,1,1,2,0,1,0,0,1.36,0
H151,3,Female,0.75,1,3,2,2,1,1,3,0,2.48,1
H152,3,Male,0.87,4,2,2,0,0,0,2,1,3.13,1
H153,3,Female,0.96,3,4,2,0,1,1,0,0,4.17,1
H154,3,Female,0.75,5,2,2,1,0,1,0,0,4.95,1
H155,5,Female,0.6,2,6,1,0,0,0,0,1,2.25,2
H156,3,Male,0.69,4,6,1,0,0,2,0,0,0.71,2
H157,6,Male,0.9,2,2,2,0,0,0,3,0,4.11,1
H158,7,Male,0.66,4,3,2,0,1,1,3,0,3.22,1
H159,3,Female,0.22,3,3,1,0,1,0,2,0,1.39,1
H160,5,Female,0.94,3,5,2,1,1,0,2,0,2.73,2
H161,5,Female,0.75,3,6,2,1,1,1,1,1,3.84,2
H162,3,Male,0.74,6,4,2,0,1,1,3,0,3.97,0
H163,7,Male,0.37,3,3,1,1,0,0,0,0,2.75,0
H164,3,Female,0.73,1,1,1,2,0,1,0,1,1.87,1
H165,5,Male,0.52,1,6,2,0,0,1,1,0,4.88,1
H166,4,Male,0.72,6,4,1,2,0,1,0,0,3.49,2
H167,6,Male,0.29,5,4,2,1,1,1,1,0,2.34,1
H168,5,Male,0.73,2,3,2,1,0,1,2,1,1.76,1
H169,3,Female,1.0,4,4,1,2,0,1,3,0,3.79,2
H170,6,Male,0.24,4,3,2,1,0,2,1,0,1.59,2
H171,3,Male,0.98,6,2,2,0,0,0,0,0,1.27,2
H172,3,Male,0.53,1,6,1,2,0,1,1,0,2.88,2
H173,4,Male,0.9,4,5,2,0,0,0,2,1,1.8,0
H174,6,Female,0.83,1,2,2,2,0,2,0,0,3.33,2
H175,6,Female,0.65,5,6,2,1,0,1,2,0,1.03,2
H176,4,Male,0.79,2,3,1,2,0,0,2,1,3.45,1
H177,5,Male,0.9,5,6,2,2,0,1,1,0,1.77,1
H178,3,Male,0.52,6,3,1,0,0,1,2,0,0.5,1
H179,7,Male,0.46,3,2,2,1,0,1,0,0,1.07,0
H180,3,Male,0.73,3,1,2,0,0,1,2,0,4.7,2
H181,3,Male,0.85,3,1,2,1,0,1,2,0,4.4,2
H182,5,Female,0.81,5,6,2,0,0,1,1,1,1.55,0
H183,3,Male,0.84,4,1,1,2,0,1,2,0,4.0,2
H184,4,Female,0.55,2,3,1,0,0,2,3,0,3.24,1
H185,4,Female,0.85,3,4,2,1,0,2,1,0,4.87,0
H186,6,Male,0.3,6,3,2,1,0,1,1,0,2.18,2
H187,7,Female,0.64,6,4,2,2,1,1,0,0,3.57,0
H188,3,Female,0.2,3,2,2,1,0,2,0,0,0.79,0
H189,3,Female,0.46,3,5,2,0,1,2,0,1,2.28,2
H190,5,Female,0.49,2,4,2,2,0,2,0,0,4.84,1
H191,4,Female,0.52,3,1,2,1,0,1,3,0,2.93,2
H192,7,Female,0.76,2,3,2,1,0,0,1,0,1.8,2
H193,6,Male,0.51,6,2,1,0,0,0,2,1,1.04,1
H194,4,Female,0.56,3,1,1,0,0,0,0,0,3.67,2
H195,6,Female,0.39,5,2,1,2,0,0,0,0,3.4,2
H196,5,Female,0.5,5,5,2,1,0,1,0,0,2.18,2
H197,5,Male,0.38,6,3,2,0,0,0,2,1,4.78,0
H198,3,Female,0.26,2,6,2,2,0,2,0,0,0.6,0
H199,7,Male,0.68,5,3,1,1,0,2,2,0,1.87,0
H200,6,Female,0.73,2,5,2,1,0,0,1,0,4.64,2
H201,4,Male,0.7,5,3,1,2,0,2,1,0,1.94,1
H202,5,Male,0.57,5,6,2,2,1,1,1,0,1.64,0
H203,3,Female,0.5,2,4,1,0,1,0,3,0,2.9,1
H204,3,Female,0.89,4,2,1,1,1,0,2,0,4.21,2
H205,6,Male,0.62,5,6,1,1,0,1,0,1,0.96,0
H206,5,Female,0.58,3,1,2,1,1,2,0,1,4.74,2
H207,7,Male,0.22,6,5,1,2,1,1,0,0,4.08,1
H208,5,Male,0.47,4,4,2,0,0,1,0,0,1.32,0
H209,6,Male,0.5,2,1,2,1,0,2,3,0,3.7,0
H210,6,Male,0.52,4,1,2,2,1,1,0,0,2.23,0
H211,5,Male,0.66,1,5,2,1,0,2,3,0,2.31,0
H212,6,Female,0.63,1,4,2,0,0,2,2,0,4.02,1
H213,5,Male,0.69,5,1,1,1,0,1,1,0,4.83,0
H214,4,Male,0.81,5,1,2,0,0,2,0,0,1.07,2
H215,5,Female,0.85,3,4,2,0,1,1,1,0,2.39,0
H216,5,Male,0.77,6,3,2,1,0,2,2,0,2.66,1
H217,6,Female,0.96,4,1,2,1,0,0,2,0,2.19,0
H218,6,Female,0.21,1,2,2,0,0,2,0,0,2.13,1
H219,3,Female,0.36,5,4,1,2,0,2,2,1,0.74,1
H220,3,Male,0.21,6,1,1,0,0,1,1,0,3.58,2
H221,4,Male,0.72,4,5,2,1,0,2,0,0,2.46,0
H222,3,Male,0.92,5,6,1,1,1,0,3,0,1.38,0
H223,5,Female,0.39,5,2,1,2,0,0,0,0,4.17,0
H224,6,Male,0.94,1,6,2,0,0,2,1,1,4.11,2
H225,3,Female,0.25,1,6,1,0,0,2,0,0,2.69,2
H226,3,Male,0.95,5,1,2,0,0,0,0,0,1.84,1
H227,4,Female,0.48,2,2,1,1,1,1,1,0,3.37,1
H228,4,Male,0.28,5,2,1,0,1,0,0,0,1.8,1
H229,5,Male,0.59,6,3,1,2,1,0,0,1,1.56,2
H230,6,Male,0.41,5,6,2,1,0,2,1,0,3.79,2
H231,4,Female,0.43,3,2,1,1,0,2,2,0,0.68,2
H232,3,Female,0.45,3,3,1,0,0,0,1,0,0.93,1
H233,6,Male,0.84,3,4,2,2,0,1,0,0,0.53,2
H234,6,Male,0.63,2,3,2,1,1,0,3,0,1.19,1
H235,3,Female,0.45,2,5,1,1,1,0,3,0,0.81,1
H236,4,Female,0.69,5,1,2,0,1,1,1,0,4.98,0
H237,3,Female,0.77,3,4,1,0,1,0,3,0,1.8,0
H238,6,Male,0.42,2,4,1,2,1,0,0,1,1.17,0
H239,7,Female,0.53,1,5,2,0,0,2,0,0,1.58,1
H240,7,Male,0.3,5,3,2,2,0,1,1,0,4.71,0
H241,5,Female,0.34,6,1,2,1,0,2,0,0,2.84,0
H242,3,Male,0.74,4,3,1,2,0,2,2,0,2.14,0
H243,3,Female,0.35,5,2,2,2,0,1,0,0,4.43,2
H244,5,Female,0.62,4,3,1,2,0,1,1,0,2.28,1
H245,5,Female,0.77,3,4,2,1,1,0,2,0,2.01,0
H246,5,Female,0.29,4,1,1,0,0,2,2,0,1.43,2
H247,6,Female,0.65,3,3,2,1,1,1,3,0,2.2,2
H248,3,Male,0.41,1,1,1,0,1,2,0,0,1.93,2
H249,6,Female,0.97,4,1,2,2,0,2,1,0,3.55,0
H250,5,Female,0.59,5,2,1,2,0,1,3,0,1.8,2
H251,3,Female,0.84,3,2,2,2,0,0,3,1,3.1,1
H252,6,Male,0.64,5,4,2,2,1,2,0,1,0.8,2
H253,6,Female,0.23,2,5,1,2,1,1,0,0,1.36,2
H254,5,Male,0.71,3,1,2,0,1,0,1,0,2.33,2
H255,3,Female,0.96,4,5,1,0,0,2,3,0,4.72,2
H256,5,Female,0.68,3,4,1,2,0,1,1,0,2.2,1
H257,3,Male,0.86,5,1,2,1,0,2,3,1,3.49,0
H258,7,Female,0.91,1,1,1,1,1,1,3,0,1.65,1
H259,4,Male,0.38,3,6,2,2,0,1,3,0,1.07,1
H260,4,Male,0.37,4,5,2,0,0,2,0,0,0.76,0
H261,4,Female,0.69,2,3,1,1,0,2,3,0,1.87,2
H262,5,Male,0.53,6,2,2,1,0,1,3,0,1.21,0
H263,7,Female,0.87,1,3,1,1,0,0,3,0,1.28,0
H264,3,Female,0.92,2,5,1,2,0,2,2,0,3.92,1
H265,6,Male,0.48,3,2,2,1,0,1,0,0,0.57,0
H266,3,Male,0.39,5,3,2,1,0,1,2,0,3.01,2
H267,6,Male,0.82,5,6,1,1,1,0,0,0,2.21,1
H268,3,Male,0.42,4,2,1,1,1,0,1,0,2.78,2
H269,7,Female,0.86,5,1,2,0,0,0,2,0,3.03,1
H270,6,Female,0.54,1,3,2,2,1,2,1,0,1.91,2
H271,5,Male,0.73,5,2,2,2,0,1,3,1,1.83,0
H272,3,Female,0.28,4,6,2,0,0,1,1,1,3.8,0
H273,3,Female,0.7,6,2,1,0,1,1,1,1,4.42,0
H274,6,Female,0.56,3,2,2,2,1,0,1,0,1.37,2
H275,5,Female,0.67,3,6,1,1,1,1,1,0,0.94,1
H276,5,Male,0.33,5,3,1,1,0,2,0,0,4.54,1
H277,7,Male,0.79,2,4,2,2,0,0,2,1,2.07,1
H278,5,Female,0.89,3,3,1,1,1,0,0,1,2.98,0
H279,5,Male,0.37,6,5,2,0,0,0,0,1,2.12,2
H280,5,Male,0.28,5,6,1,1,0,0,0,0,1.07,1
H281,4,Male,0.22,4,3,2,1,1,2,1,1,3.15,2
H282,7,Female,0.71,6,2,1,1,1,1,0,0,2.86,1
H283,3,Female,0.69,5,6,1,2,1,2,2,0,1.41,0
H284,6,Female,0.64,6,1,2,0,0,1,0,0,2.53,2
H285,3,Male,0.39,3,3,2,1,1,2,3,0,4.09,1
H286,7,Female,0.51,4,6,1,2,0,0,1,0,3.16,1
H287,6,Female,0.68,5,3,1,1,0,0,3,0,0.94,1
H288,7,Male,0.6,1,6,2,0,0,2,2,0,2.97,1
H289,5,Female,0.99,4,2,1,1,0,2,2,0,3.66,0
H290,6,Female,0.31,1,1,2,0,0,1,2,1,4.07,1
H291,5,Male,0.76,6,1,1,1,0,2,2,0,3.33,1
H292,3,Male,0.52,2,5,2,0,0,2,0,0,1.19,0
H293,3,Male,0.54,4,6,1,1,0,1,1,0,3.7,1
H294,6,Female,0.77,6,3,2,0,0,1,2,1,3.55,2
H295,6,Female,0.75,1,1,2,1,0,1,3,0,0.61,2
H296,7,Female,0.99,3,1,1,1,0,2,2,0,2.35,1
H297,7,Male,0.3,3,4,2,2,1,1,1,0,2.0,0
H298,5,Male,0.28,2,4,1,2,1,0,3,0,3.51,0
H299,6,Female,0.78,4,1,2,0,0,0,3,0,1.47,0
H300,3,Female,0.66,4,6,2,1,1,0,3,1,3.16,1
H301,7,Male,0.42,4,5,2,0,0,2,0,0,4.61,1
H302,7,Male,0.26,6,1,1,2,0,0,2,0,4.09,2
H303,3,Male,0.27,2,2,2,0,1,2,0,1,4.65,0
H304,7,Male,0.92,4,3,1,0,0,2,3,1,4.9,1
H305,5,Female,0.35,6,5,2,2,1,0,0,0,0.55,1
H306,6,Male,0.46,3,2,1,1,0,1,0,1,3.3,1
H307,3,Female,0.38,1,5,1,0,1,2,0,0,2.36,0
H308,6,Female,0.48,6,2,1,2,0,0,2,0,4.37,0
H309,7,Female,0.26,3,3,2,1,0,2,3,0,1.63,2
H310,7,Male,0.62,3,3,1,2,0,1,3,0,4.91,0
H311,3,Male,0.25,1,4,2,0,1,1,2,0,3.26,1
H312,5,Male,0.84,3,6,1,1,0,0,0,0,4.07,2
H313,4,Male,0.39,2,2,1,1,1,2,0,0,0.89,0
H314,3,Female,0.63,1,4,1,2,0,2,1,0,1.33,0
H315,4,Male,0.9,3,2,1,2,0,2,1,0,3.91,0
H316,4,Male,0.72,5,4,2,2,0,2,1,0,0.6,0
H317,5,Female,0.63,6,3,1,1,0,0,2,0,4.18,1
H318,4,Male,0.46,3,5,1,1,1,1,3,0,0.56,0
H319,4,Female,0.47,2,4,2,0,0,0,1,0,3.46,1
H320,5,Female,0.74,4,2,1,1,0,2,3,0,2.14,1
H321,4,Female,1.0,3,2,1,0,0,2,3,0,3.25,1
H322,4,Female,0.73,4,6,1,2,0,1,3,0,3.63,2
H323,4,Female,0.65,5,3,1,2,1,2,2,0,2.04,1
H324,3,Female,0.78,3,2,2,1,0,0,2,1,0.99,0
H325,3,Female,0.57,1,1,2,2,0,0,2,0,0.81,2
H326,3,Female,0.25,4,5,1,2,1,1,2,0,3.15,0
H327,5,Male,0.65,5,4,2,1,1,0,1,0,2.84,1
H328,7,Male,0.97,1,6,2,0,0,0,0,1,3.84,0
H329,4,Male,0.34,1,5,1,1,0,0,0,0,2.79,2
H330,4,Male,0.75,1,3,2,0,0,0,0,0,2.4,2
H331,5,Female,0.36,1,6,1,1,0,2,1,0,2.29,0
H332,4,Male,0.63,3,4,2,1,1,0,0,0,0.62,0
H333,3,Female,0.28,6,4,2,2,0,1,1,0,2.01,0
H334,7,Male,0.56,3,1,2,1,0,1,1,0,4.89,2
H335,6,Male,0.8,3,3,1,1,0,0,1,0,4.43,1
H336,4,Male,0.48,5,6,2,0,0,1,0,0,1.98,0
H337,3,Female,0.73,5,6,1,2,0,0,3,0,3.15,1
H338,6,Male,0.84,6,2,1,0,0,1,0,0,4.31,2
H339,7,Female,0.94,5,1,2,0,0,1,0,0,2.49,0
H340,6,Female,0.39,2,1,1,2,0,0,2,0,0.58,0
H341,3,Male,0.52,6,6,2,2,0,0,1,1,0.84,2
H342,6,Male,0.32,5,6,1,2,0,2,3,0,2.8,0
H343,5,Male,0.99,6,5,1,1,0,0,2,0,4.86,1
H344,6,Female,0.94,3,5,2,2,0,0,3,0,3.62,2
H345,4,Male,0.63,3,5,2,2,0,2,3,0,0.82,2
H346,4,Female,0.87,6,1,2,2,0,0,1,0,1.35,0
H347,5,Female,0.62,2,2,2,0,0,0,0,0,3.97,2
H348,3,Male,0.7,2,4,1,0,0,2,1,1,4.29,0
H349,4,Male,0.27,6,5,1,1,1,0,1,0,3.28,0
H350,7,Female,0.8,5,2,1,0,1,0,2,0,3.4,2
H351,4,Female,0.3,4,3,2,1,1,2,1,0,0.63,0
H352,4,Female,0.86,2,5,1,0,0,2,0,0,4.23,1
H353,3,Male,0.83,1,4,2,2,1,1,3,0,4.05,1
H354,6,Female,0.77,3,3,1,0,0,0,1,0,1.67,0
H355,4,Male,0.23,6,3,2,1,0,1,3,0,3.69,1
H356,5,Female,0.44,1,4,1,0,0,1,1,1,1.47,0
H357,6,Female,0.41,6,5,1,2,1,2,3,0,0.68,1
H358,7,Male,0.49,3,1,2,1,0,0,1,1,1.41,2
H359,3,Female,0.27,3,4,1,2,0,0,2,0,1.3,0
H360,7,Male,0.95,2,4,2,2,1,2,3,0,2.02,0
H361,6,Male,0.64,2,4,1,1,1,1,1,0,2.38,0
H362,6,Female,0.44,1,3,1,2,0,2,1,0,2.79,0
H363,6,Male,0.52,6,2,2,2,0,0,2,1,2.65,0
H364,7,Male,0.56,3,1,2,0,0,2,2,0,1.72,0
H365,6,Female,0.68,1,5,1,2,1,0,2,0,0.63,2
H366,7,Male,0.61,4,5,1,2,0,1,3,0,3.22,2
H367,6,Male,0.94,1,2,1,2,0,0,3,0,2.28,1
H368,5,Male,0.6,5,4,1,2,1,1,2,1,1.84,0
H369,6,Female,0.99,1,1,1,1,0,1,0,0,4.4,1
H370,7,Male,0.88,5,5,1,0,0,0,0,0,3.86,1
H371,4,Female,0.37,5,6,2,2,0,0,1,0,4.36,2
H372,6,Female,0.94,5,5,2,2,0,1,0,1,2.73,1
H373,4,Male,0.29,4,4,2,1,0,2,1,0,1.09,2
H374,5,Male,0.85,1,6,1,2,0,0,3,0,3.63,1
H375,3,Male,0.5,1,2,1,1,0,1,3,0,1.43,0
H376,5,Female,0.9,4,1,1,0,0,1,0,0,2.49,1
H377,6,Male,0.89,3,2,2,0,0,2,3,0,0.79,2
H378,4,Male,0.84,2,2,2,2,1,0,2,0,4.21,2
H379,4,Male,0.83,1,1,1,2,1,1,2,0,1.07,2
H380,7,Male,0.44,2,1,1,2,0,2,0,0,4.56,1
H381,4,Male,0.26,6,5,2,1,0,1,0,0,4.39,1
H382,7,Female,0.52,6,5,2,2,0,0,1,0,2.59,2
H383,3,Female,0.34,4,1,2,2,1,2,3,0,3.85,0
H384,6,Male,0.76,6,6,1,0,0,1,1,1,3.29,0
H385,7,Male,0.48,6,3,1,2,1,2,1,1,4.11,1
H386,3,Male,0.98,3,5,1,0,0,0,2,0,2.44,1
H387,4,Male,0.71,3,3,2,2,1,2,2,0,4.04,2
H388,4,Female,0.86,3,6,2,0,1,0,2,0,2.58,1
H389,3,Male,0.31,6,1,1,2,1,1,2,0,4.73,1
H390,4,Female,0.89,4,6,1,0,0,0,1,0,2.69,2
H391,3,Female,0.94,5,5,2,1,0,1,2,0,2.58,2
H392,7,Male,0.59,5,2,1,0,0,1,3,0,4.03,1
H393,7,Female,0.69,2,1,2,0,0,0,2,1,4.2,0
H394,3,Female,0.81,5,4,2,0,0,1,2,0,3.0,1
H395,7,Female,0.34,5,3,1,2,0,2,2,0,1.31,0
H396,7,Female,0.6,3,6,2,2,0,1,0,0,2.6,0
H397,7,Male,0.52,3,1,1,2,0,0,3,0,4.86,0
H398,5,Male,0.32,6,6,2,1,0,2,3,0,3.89,2
H399,6,Female,0.49,2,1,2,1,0,2,1,0,4.15,2
H400,4,Male,0.25,1,5,1,0,1,1,1,0,0.65,2
H401,5,Male,0.22,2,5,2,1,0,1,2,0,2.61,1
H402,7,Male,0.31,2,5,1,0,0,0,0,1,3.41,2
H403,3,Male,0.97,4,6,1,0,0,2,1,0,4.24,2
H404,7,Male,0.64,6,4,2,0,1,0,1,0,0.72,1
H405,6,Female,0.97,4,5,1,1,0,1,2,0,4.34,1
H406,7,Male,0.55,2,1,1,2,0,2,2,0,2.97,0
H407,3,Male,0.45,2,5,1,1,0,0,1,0,1.39,1
H408,6,Male,0.6,2,2,1,0,0,0,1,0,1.93,1
H409,7,Male,0.55,5,5,1,0,0,0,3,1,1.77,2
H410,6,Female,0.28,4,6,1,1,1,0,0,1,2.89,0
H411,4,Female,0.71,2,4,2,0,1,0,3,0,0.73,0
H412,4,Female,0.37,3,2,1,0,0,2,1,1,1.21,1
H413,7,Female,0.7,6,6,2,1,0,0,3,0,4.16,2
H414,6,Male,0.72,6,6,2,1,0,2,3,0,1.1,2
H415,3,Female,0.32,3,6,1,1,0,0,1,0,1.55,2
H416,7,Male,0.25,6,1,2,0,0,1,2,0,2.54,2
H417,4,Male,0.82,5,6,2,0,0,1,1,0,2.83,1
H418,4,Male,0.57,5,1,1,2,1,0,2,0,3.94,2
H419,7,Male,0.25,1,6,1,2,1,1,1,0,2.51,0
H420,6,Male,1.0,1,3,1,1,0,2,1,0,4.05,0
H421,4,Female,0.25,1,2,2,2,0,0,1,0,3.28,1
H422,6,Female,0.76,6,3,2,0,0,2,0,1,1.01,2
H423,4,Female,0.99,5,6,1,2,0,0,2,0,1.2,2
H424,4,Female,0.39,5,2,1,0,0,1,0,0,2.47,2
H425,5,Male,0.31,5,2,2,1,0,2,1,0,2.29,2
H426,4,Female,0.3,3,4,2,1,1,1,3,0,3.85,1
H427,3,Male,0.44,5,3,2,0,1,1,0,0,3.11,2
H428,7,Female,0.28,3,4,2,2,0,0,2,0,2.25,1
H429,7,Male,0.75,1,2,1,1,0,2,1,0,1.27,2
H430,6,Male,0.25,1,1,2,1,0,1,0,0,1.52,2
H431,4,Female,0.61,6,2,2,2,0,0,3,0,3.09,0
H432,3,Male,1.0,1,4,2,2,0,0,0,0,2.41,1
H433,6,Male,0.85,6,3,2,0,0,0,2,0,2.82,0
H434,5,Female,0.69,2,6,1,2,0,1,0,0,1.27,1
H435,6,Male,0.45,2,6,1,2,0,0,3,1,3.48,2
H436,6,Female,0.7,4,3,2,2,1,2,3,0,4.34,2
H437,4,Female,0.62,6,6,2,0,0,2,2,0,1.66,1
H438,5,Female,0.54,4,6,1,0,0,1,3,0,2.71,0
H439,6,Male,0.3,4,4,1,1,0,2,1,0,4.89,1
H440,3,Male,0.91,2,3,2,0,0,0,3,1,2.0,1
H441,3,Male,0.56,6,5,2,1,0,1,1,0,3.18,2
H442,7,Female,0.36,2,1,1,2,1,0,0,0,0.91,0
H443,5,Male,0.49,4,1,1,1,1,1,1,0,3.23,1
H444,5,Female,0.53,6,6,1,1,0,1,1,0,0.9,0
H445,7,Female,0.86,4,1,1,2,0,0,0,0,4.82,0
H446,6,Male,0.79,5,3,1,1,0,2,3,0,3.72,1
H447,5,Female,0.82,6,3,1,0,0,2,1,0,4.05,0
H448,3,Male,0.21,6,2,2,0,1,1,3,0,3.67,2
H449,3,Male,0.53,4,2,1,0,0,0,0,0,3.15,2
H450,4,Male,0.59,5,1,1,0,0,0,2,1,2.52,2
H451,5,Male,0.22,3,5,1,1,0,1,3,0,4.36,2
H452,6,Male,0.41,2,2,1,1,0,2,3,0,4.81,0
H453,7,Female,0.81,4,2,2,2,1,0,2,0,2.75,2
H454,7,Female,0.31,6,3,2,1,0,2,2,0,4.69,1
H455,6,Female,0.63,2,5,1,1,1,2,0,0,3.12,2
H456,4,Male,0.37,2,6,2,1,0,1,3,0,2.92,1
H457,7,Male,0.21,2,1,2,2,1,1,3,0,2.55,1
H458,5,Male,0.39,3,2,2,0,0,2,0,0,1.44,2
H459,4,Female,0.98,1,5,2,1,0,0,3,0,0.52,2
H460,5,Male,0.84,4,5,2,2,1,0,1,1,1.59,0
H461,3,Female,0.97,1,1,2,2,0,1,1,0,2.79,1
H462,4,Female,0.59,1,5,1,2,0,2,1,0,2.21,2
H463,7,Male,0.29,1,5,1,0,0,0,3,0,2.52,0
H464,4,Male,0.64,2,5,1,1,1,0,1,0,4.91,2
H465,4,Female,0.56,5,2,1,2,0,1,1,0,2.08,2
H466,4,Male,0.88,2,1,1,0,1,2,0,0,2.53,2
H467,4,Female,0.28,2,5,2,2,0,0,0,0,1.1,1
H468,5,Male,0.59,6,5,1,2,0,1,2,0,0.72,2
H469,3,Male,0.32,6,2,1,2,1,0,2,0,3.99,0
H470,6,Female,0.46,1,1,2,2,0,0,2,0,3.07,2
H471,4,Male,0.79,2,3,2,2,1,0,2,0,3.92,2
H472,7,Female,0.58,1,2,1,0,1,1,0,0,1.17,0
H473,4,Male,0.5,6,1,2,1,0,2,0,0,3.07,0
H474,7,Female,0.52,5,5,2,1,0,1,0,0,1.64,1
H475,5,Female,0.57,4,1,2,1,0,2,1,0,1.53,1
H476,7,Male,0.83,1,1,2,1,1,0,1,0,0.55,1
H477,6,Female,0.91,5,6,1,0,1,2,2,0,1.09,1
H478,3,Male,0.96,4,1,2,0,0,0,1,0,1.89,0
H479,7,Male,0.83,3,3,1,0,0,0,3,0,1.03,2
H480,7,Male,0.45,1,1,1,2,0,1,0,0,4.94,2
H481,3,Female,0.75,1,3,2,2,1,0,2,0,1.89,2
H482,6,Female,0.55,3,5,2,2,0,1,2,0,1.09,1
H483,4,Male,0.4,3,3,2,1,0,2,3,0,1.4,0
H484,7,Male,0.87,1,5,1,2,0,2,1,0,3.14,0
H485,3,Female,0.23,3,5,2,1,1,0,2,0,0.79,0
H486,5,Male,0.92,2,3,2,2,0,1,1,0,4.38,2
H487,3,Male,0.57,4,2,2,1,0,0,1,0,4.83,1
H488,5,Female,0.71,4,4,2,2,0,1,3,1,1.61,0
H489,6,Male,0.73,4,1,2,2,0,1,2,0,2.53,1
H490,4,Female,0.92,2,6,1,0,1,1,1,0,0.6,0
H491,3,Male,0.71,3,4,2,2,1,2,1,0,3.38,1
H492,7,Female,0.69,5,1,2,2,0,1,3,0,2.36,0
H493,6,Male,0.25,3,1,2,0,0,2,3,0,1.72,1
H494,3,Male,0.61,1,5,1,1,0,1,1,0,1.43,0
H495,7,Female,0.32,6,1,2,0,0,2,3,0,3.44,0
H496,3,Male,0.79,4,6,1,0,1,2,1,0,2.37,1
H497,5,Female,0.61,3,1,1,1,0,2,2,0,1.31,1
H498,3,Male,0.74,5,3,2,2,0,0,0,0,3.6,2
H499,3,Female,0.23,1,4,2,1,0,1,3,0,3.04,1
H500,3,Female,0.27,2,3,2,2,0,0,0,0,4.36,0
H501,6,Female,0.77,2,6,1,2,0,1,1,0,1.03,0
H502,3,Female,0.26,5,1,1,1,0,1,1,0,4.04,1
H503,7,Male,0.26,1,6,1,0,0,0,1,0,3.53,2
H504,5,Male,0.21,4,5,1,1,1,2,0,0,1.02,1
H505,5,Female,0.97,3,3,1,2,0,1,1,0,3.63,0
H506,3,Female,0.79,1,3,1,1,0,2,3,0,2.49,0
H507,6,Female,0.48,2,2,2,1,1,0,2,1,4.75,2
H508,6,Male,0.44,5,1,2,2,0,2,2,1,1.14,1
H509,7,Male,0.48,5,5,1,0,1,1,3,0,3.39,0
H510,3,Male,0.82,3,3,2,1,0,1,2,0,2.22,0
H511,5,Male,0.73,5,3,2,2,0,1,0,0,4.81,0
H512,6,Female,0.35,5,5,1,2,0,0,1,0,1.98,1
H513,3,Female,0.34,1,6,1,1,0,1,1,0,4.83,1
H514,6,Female,0.28,4,6,2,0,0,0,1,0,4.56,2
H515,6,Male,0.73,3,1,1,1,1,2,0,1,1.72,0
H516,5,Male,0.81,1,2,1,0,0,1,0,0,4.12,0
H517,4,Male,0.41,4,3,2,0,0,1,0,0,4.98,2
H518,7,Female,0.22,1,2,1,0,0,1,3,0,1.64,0
H519,7,Female,0.27,6,6,2,0,0,2,0,0,2.47,2
H520,5,Male,0.97,1,6,2,1,0,1,2,0,2.84,2
H521,6,Female,0.44,5,4,2,2,0,0,3,0,1.83,0
H522,3,Male,0.82,4,1,2,2,1,2,3,0,0.57,1
H523,6,Male,0.7,3,4,2,2,1,2,3,0,1.49,1
H524,5,Female,0.51,3,4,1,2,0,2,0,0,1.77,1
H525,7,Male,0.36,4,4,1,2,0,2,3,1,2.5,1
H526,6,Female,0.3,5,1,1,2,1,2,0,0,1.27,0
H527,7,Male,0.69,2,1,1,1,1,0,0,0,4.43,2
H528,3,Female,0.82,1,5,2,0,0,2,3,0,3.67,2
H529,7,Female,0.72,5,2,2,2,1,1,1,0,0.88,0
H530,7,Female,0.62,6,2,1,1,0,2,1,0,3.43,1
H531,4,Male,0.23,4,5,2,2,1,2,3,1,3.44,2
H532,4,Male,0.97,1,5,1,2,0,2,1,0,4.8,0
H533,4,Female,0.84,3,6,1,0,0,2,2,0,0.51,0
H534,7,Female,0.43,2,4,1,0,1,2,2,0,1.62,1
H535,5,Male,0.98,6,5,2,0,0,0,0,0,4.68,0
H536,7,Male,0.68,3,3,2,2,0,0,1,0,4.69,2
H537,5,Male,0.67,4,2,2,2,0,2,2,0,3.74,2
H538,5,Female,0.8,1,5,2,2,1,0,3,0,3.95,0
H539,4,Male,0.85,4,3,1,0,1,1,1,0,0.91,2
H540,6,Male,0.73,1,3,2,1,1,2,2,1,2.81,0
H541,3,Female,0.3,5,3,2,2,0,1,2,0,1.54,2
H542,4,Male,0.47,2,6,2,2,1,1,3,0,1.32,1
H543,4,Male,0.94,5,6,1,2,0,2,0,0,4.15,2
H544,6,Male,0.38,5,3,1,1,0,1,3,0,1.11,1
H545,3,Female,0.5,4,6,2,2,1,1,0,0,2.61,1
H546,7,Female,0.55,2,4,2,1,0,1,2,0,4.72,0
H547,7,Female,0.55,1,3,2,2,0,2,0,1,1.34,1
H548,4,Female,0.69,1,4,2,1,0,2,2,0,4.9,2
H549,3,Female,0.95,6,4,1,2,0,1,2,0,4.97,2
H550,4,Female,0.39,3,3,2,0,1,2,1,1,3.0,1
H551,5,Female,0.3,6,2,2,0,0,2,0,0,1.27,0
H552,4,Male,0.36,6,3,2,0,1,1,0,0,1.92,1
H553,4,Male,0.91,1,3,1,0,0,2,0,0,2.41,2
H554,7,Female,0.72,4,6,1,2,0,0,3,0,1.89,2
H555,7,Male,0.43,5,3,2,0,0,2,1,0,1.76,1
H556,7,Male,0.85,5,2,2,1,1,0,1,0,4.88,1
H557,5,Female,0.89,5,6,2,0,0,1,1,0,1.19,1
H558,7,Male,0.88,2,1,2,0,1,2,3,1,3.8,2
H559,3,Male,0.94,1,1,2,0,0,1,0,0,0.5,2
H560,6,Male,0.4,4,4,1,2,0,1,0,0,3.18,2
H561,3,Male,0.8,2,4,1,0,0,1,0,0,4.62,0
H562,3,Male,0.57,3,2,1,1,1,1,1,1,1.8,2
H563,7,Female,0.87,4,5,2,0,1,1,1,0,1.33,2
H564,6,Female,0.78,6,1,1,0,0,2,2,1,3.43,0
H565,6,Female,0.82,4,4,1,0,0,0,3,0,3.71,0
H566,6,Male,0.72,4,1,1,1,0,2,3,0,3.6,0
H567,5,Female,0.34,5,2,2,0,1,2,1,0,1.94,0
H568,7,Male,0.64,4,2,2,1,0,2,2,0,1.63,0
H569,6,Male,0.99,6,5,1,1,1,2,0,0,4.8,0
H570,5,Male,0.95,6,5,2,0,1,0,1,0,4.65,1
H571,4,Male,0.23,1,6,1,1,0,2,3,0,2.56,1
H572,4,Female,0.33,4,2,1,2,1,1,3,0,4.31,1
H573,5,Female,0.31,5,4,1,0,0,2,3,0,2.54,1
H574,5,Male,0.78,4,1,1,0,0,2,0,0,2.41,2
H575,7,Female,0.85,3,3,2,1,0,0,3,0,1.21,0
H576,7,Male,0.37,3,5,2,1,0,0,0,0,2.42,2
H577,4,Female,0.6,5,3,2,0,1,1,0,0,2.92,0
H578,6,Female,0.87,1,4,2,2,0,2,0,0,0.6,0
H579,4,Male,0.79,1,5,1,1,0,2,1,0,2.5,2
H580,6,Female,0.63,6,3,2,1,0,2,0,0,4.02,1
H581,6,Male,0.67,6,4,1,2,0,1,2,0,3.56,2
H582,7,Female,0.61,2,1,2,2,0,0,3,0,3.36,2
H583,3,Male,0.44,5,4,2,0,0,1,1,0,4.59,0
H584,3,Male,0.65,4,6,2,2,0,2,3,0,0.58,0
H585,5,Female,0.75,5,5,1,0,1,0,0,0,3.01,0
H586,7,Female,0.9,2,2,1,2,1,0,1,0,4.04,1
H587,6,Male,0.71,6,1,1,1,0,1,2,0,2.94,2
H588,3,Female,0.81,5,3,1,0,1,0,0,0,1.96,2
H589,6,Female,0.33,5,5,2,0,0,0,3,0,1.11,1
H590,3,Male,0.57,6,2,1,0,0,2,2,0,4.49,2
H591,3,Male,0.21,2,4,1,2,0,2,0,0,2.62,2
H592,3,Female,0.4,6,2,2,1,0,0,2,0,4.45,0
H593,7,Male,0.78,1,5,2,0,0,0,0,0,3.14,1
H594,4,Male,0.99,4,5,1,0,1,1,1,0,3.53,0
H595,6,Male,0.28,6,6,2,0,0,1,0,0,4.12,1
H596,7,Female,0.52,2,6,1,0,1,0,1,1,3.47,0
H597,7,Female,0.84,3,2,2,1,0,2,0,0,2.29,2
H598,7,Male,0.36,1,4,1,2,1,0,0,0,2.81,1
H599,7,Female,0.64,3,2,1,1,0,0,3,0,4.11,1
H600,7,Male,0.79,6,5,1,0,0,2,2,0,2.18,0
H601,5,Female,0.69,1,5,1,1,0,2,2,0,2.25,1
H602,6,Male,0.35,4,3,1,0,0,1,2,0,0.93,2
H603,7,Male,0.48,6,6,2,2,0,1,0,1,4.62,2
H604,6,Female,0.83,4,3,1,2,1,1,0,0,0.91,2
H605,5,Male,0.64,5,1,1,2,0,1,0,0,3.42,0
H606,5,Female,0.2,3,5,1,0,1,2,1,0,2.36,1
H607,6,Female,0.81,1,3,1,1,0,0,1,0,2.33,0
H608,3,Male,0.23,4,2,1,2,1,1,3,0,3.56,2
H609,4,Male,0.8,2,6,2,0,0,1,0,0,0.8,1
H610,3,Female,0.36,4,6,2,0,0,2,2,0,3.17,2
H611,3,Male,0.97,2,4,1,1,1,2,2,0,3.97,1
H612,3,Male,0.49,6,2,2,2,0,0,3,0,4.23,1
H613,7,Male,0.46,1,4,1,0,0,0,2,0,1.27,0
H614,5,Male,0.32,4,3,2,1,0,2,3,0,4.54,1
H615,3,Male,0.44,4,1,2,2,0,1,0,0,3.45,2
H616,5,Female,0.9,1,2,1,1,0,1,2,0,4.47,1
H617,6,Female,1.0,4,2,2,1,1,1,0,0,2.68,2
H618,4,Male,0.49,2,2,2,0,0,0,1,1,2.94,0
H619,6,Male,0.56,4,4,1,0,0,1,2,1,4.64,2
H620,6,Male,0.78,3,3,1,0,0,1,1,0,4.55,1
H621,7,Female,0.91,6,2,2,1,0,2,2,0,2.52,2
H622,4,Male,0.67,5,2,2,0,0,1,0,0,1.73,2
H623,6,Female,0.51,2,6,2,1,1,2,3,0,2.27,1
H624,6,Female,0.53,3,1,1,1,0,1,0,0,2.24,2
H625,4,Female,0.76,6,6,2,0,1,0,0,0,1.79,1
H626,4,Male,0.2,1,6,2,2,0,1,0,0,1.71,0
H627,6,Female,0.7,2,1,2,2,0,1,2,0,4.37,2
H628,4,Male,0.48,5,3,1,2,0,2,3,0,0.81,0
H629,6,Female,0.84,6,6,1,1,0,2,1,0,3.55,2
H630,6,Male,0.27,5,3,1,1,0,2,0,0,1.28,2
H631,7,Female,0.67,1,6,1,1,0,1,2,1,2.05,0
H632,3,Male,0.58,1,5,2,0,1,1,1,0,0.78,2
H633,6,Female,0.71,2,1,1,1,0,0,0,0,1.71,2
H634,5,Male,0.25,4,6,2,0,1,1,1,0,3.96,0
H635,3,Male,0.66,1,5,2,0,0,0,0,0,4.48,2
H636,3,Male,0.65,6,4,2,2,1,2,1,0,1.5,1
H637,3,Male,0.65,4,5,2,2,1,2,1,0,2.59,2
H638,7,Female,0.68,3,2,1,2,0,2,3,0,2.62,2
H639,6,Female,0.74,5,6,1,0,1,0,3,0,4.43,2
H640,7,Male,0.84,4,5,1,0,0,1,0,0,3.93,0
H641,6,Female,0.42,5,3,1,0,1,2,2,0,2.81,1
H642,7,Male,0.86,4,4,1,1,0,1,3,0,3.52,1
H643,7,Male,0.6,3,6,2,0,0,1,1,0,4.31,2
H644,5,Female,0.26,1,2,1,2,1,2,3,0,0.54,0
H645,7,Male,0.25,3,5,1,2,0,0,3,0,2.31,0
H646,4,Male,0.47,1,4,1,0,0,1,0,1,4.58,1
H647,5,Female,0.83,1,6,1,0,1,2,3,0,3.83,0
H648,7,Male,0.77,5,4,2,2,0,1,3,1,2.94,2
H649,3,Male,0.83,6,2,2,0,0,1,1,0,2.88,2
H650,4,Male,0.61,3,5,2,2,0,1,3,0,2.06,0
H651,4,Male,0.55,4,4,2,1,0,1,1,1,2.84,2
H652,4,Female,0.32,3,4,2,2,1,1,3,0,3.45,1
H653,5,Female,0.46,5,1,1,1,0,0,3,0,2.38,2
H654,7,Female,0.55,1,4,2,0,0,0,2,0,3.71,0
H655,7,Male,0.27,5,1,2,0,0,2,3,0,4.38,1
H656,3,Male,0.38,2,5,2,1,1,0,1,1,1.2,2
H657,3,Female,0.68,2,6,1,0,0,0,1,0,2.53,1
H658,4,Male,0.79,4,6,1,1,0,0,0,0,2.34,0
H659,3,Male,1.0,5,5,2,0,1,1,0,0,3.59,2
H660,5,Male,0.95,4,5,1,2,0,1,2,0,1.62,2
H661,7,Male,0.71,4,3,1,0,0,2,1,0,3.38,1
H662,4,Female,0.54,2,5,2,2,0,2,1,0,4.45,2
H663,3,Female,0.71,4,4,1,2,0,2,1,0,2.38,2
H664,5,Female,0.83,2,6,1,1,0,1,2,0,4.6,2
H665,5,Male,0.29,1,2,1,0,0,0,1,1,4.97,2
H666,3,Female,0.53,5,6,2,1,1,0,0,0,0.98,0
H667,7,Female,0.87,4,1,2,0,0,1,2,0,1.55,2
H668,3,Male,0.51,2,6,2,2,1,2,0,0,4.78,1
H669,4,Male,0.66,3,3,1,2,0,2,0,0,4.81,0
H670,3,Female,0.67,4,5,2,0,1,2,2,0,0.94,1
H671,5,Female,0.35,6,5,1,0,1,1,3,1,0.57,1
H672,3,Female,0.49,1,6,1,1,0,2,3,0,1.22,1
H673,7,Female,0.47,1,2,1,0,0,2,0,1,4.98,0
H674,6,Male,0.22,3,2,2,0,0,1,3,0,1.31,0
H675,3,Female,0.22,2,3,2,0,1,0,1,0,2.76,0
H676,7,Female,0.87,4,1,2,1,1,1,2,0,4.32,2
H677,7,Male,0.42,2,6,2,0,0,1,0,0,0.59,1
H678,5,Female,0.61,1,5,1,2,0,1,1,0,3.22,0
H679,7,Male,0.44,2,6,2,1,0,1,3,1,1.75,1
H680,7,Male,0.95,1,3,1,1,1,0,1,0,4.38,0
H681,7,Male,0.41,2,4,2,2,0,2,3,1,1.78,0
H682,7,Female,0.54,3,4,2,2,0,1,0,0,3.59,0
H683,4,Female,0.9,5,3,2,2,0,0,1,0,3.53,1
H684,4,Male,0.87,3,5,1,0,0,2,2,0,1.5,2
H685,5,Female,0.35,3,3,1,2,1,2,0,0,0.66,0
H686,3,Female,0.84,5,5,1,0,0,2,1,1,2.34,0
H687,7,Male,0.57,5,2,1,1,0,1,1,0,1.8,0
H688,3,Male,0.59,4,3,1,1,0,1,3,0,4.14,2
H689,3,Female,0.31,4,5,2,2,0,2,0,0,4.1,1
H690,5,Male,0.26,3,3,1,0,0,2,0,0,2.56,1
H691,7,Female,0.78,3,3,1,2,1,2,0,0,3.23,1
H692,7,Female,0.6,1,5,1,2,1,2,0,0,3.22,1
H693,6,Female,0.55,1,5,1,0,0,2,3,0,4.22,0
H694,3,Female,0.78,4,1,2,2,0,2,2,0,2.41,2
H695,3,Male,0.81,6,3,1,1,1,0,0,0,1.74,0
H696,4,Male,0.33,6,4,2,2,0,2,3,0,1.69,2
H697,6,Male,0.69,4,3,2,0,0,1,2,0,2.91,1
H698,4,Male,0.31,1,3,2,0,1,1,2,0,2.52,2
H699,4,Female,0.8,1,5,1,1,1,1,3,0,2.48,0
H700,4,Female,0.73,6,3,2,0,1,2,0,0,0.91,0
H701,5,Male,0.97,2,6,1,0,1,1,2,0,3.73,1
H702,5,Female,0.26,2,3,1,1,1,0,0,0,1.46,0
H703,4,Female,0.25,1,6,1,2,0,2,0,0,1.39,0
H704,6,Female,0.43,2,4,1,1,0,1,1,0,2.36,2
H705,3,Male,0.41,5,5,1,2,0,0,0,0,1.53,0
H706,6,Male,0.4,4,3,2,1,0,0,1,0,3.13,1
H707,7,Male,0.93,4,6,2,2,0,1,2,0,2.17,1
H708,5,Female,0.4,1,6,1,1,0,0,3,0,2.52,0
H709,3,Male,0.42,3,6,2,2,0,1,1,0,2.92,1
H710,3,Male,0.81,6,2,1,1,0,0,3,0,1.42,2
H711,7,Male,0.56,1,1,2,2,0,2,2,0,1.2,2
H712,7,Male,0.82,2,4,2,1,0,2,0,0,4.46,0
H713,4,Male,0.25,6,3,2,0,0,2,2,0,2.45,0
H714,5,Male,0.59,3,2,2,2,1,2,3,0,2.35,2
H715,5,Female,0.23,2,3,2,1,0,2,2,0,0.66,1
H716,6,Female,0.25,5,3,1,2,0,1,0,0,2.74,0
H717,4,Male,0.93,2,5,1,2,1,2,2,0,2.99,0
H718,4,Male,0.31,5,5,2,1,0,2,0,0,3.01,1
H719,4,Female,0.63,6,5,1,2,0,2,1,0,3.68,0
H720,4,Female,0.53,5,2,2,1,0,2,3,0,1.3,1
H721,5,Male,0.48,6,3,1,0,0,0,0,1,1.64,1
H722,5,Male,0.92,6,1,2,2,1,2,0,0,4.15,1
H723,4,Male,0.22,6,4,2,0,0,2,2,0,4.76,1
H724,6,Male,0.73,6,5,2,2,0,1,1,0,1.11,1
H725,3,Female,0.97,6,5,1,2,0,0,0,1,2.74,2
H726,3,Male,0.65,2,3,1,2,0,1,1,0,1.46,1
H727,6,Male,0.95,6,3,2,1,0,2,1,0,0.77,2
H728,4,Male,0.24,2,2,2,0,0,1,2,0,1.96,1
H729,5,Male,0.54,6,2,1,2,0,1,0,0,1.15,0
H730,3,Female,0.41,5,5,1,1,0,2,2,1,3.69,2
H731,7,Female,0.78,6,3,1,2,0,0,3,0,2.9,0
H732,7,Female,0.99,3,1,1,1,0,0,3,0,1.15,1
H733,6,Male,0.41,6,4,1,2,0,1,0,1,0.54,1
H734,4,Male,0.72,6,3,2,0,1,2,1,0,4.14,0
H735,3,Female,0.36,5,3,1,0,0,1,0,0,1.29,1
H736,4,Male,0.65,4,6,2,2,0,1,0,0,3.23,0
H737,3,Male,0.57,5,2,2,1,0,1,3,0,2.02,1
H738,6,Female,0.98,3,4,1,2,0,2,3,0,3.13,1
H739,6,Female,0.69,4,5,1,1,1,2,1,0,1.92,2
H740,7,Female,0.48,1,3,2,2,0,0,1,0,0.89,0
H741,4,Female,0.29,1,5,1,1,1,2,0,0,1.5,1
H742,7,Male,0.32,3,3,2,0,0,1,2,0,1.35,0
H743,4,Male,0.38,5,5,1,2,1,1,0,0,2.43,2
H744,7,Female,0.4,2,4,1,0,0,0,1,1,3.46,0
H745,5,Male,0.88,3,2,1,0,1,2,2,0,1.69,2
H746,5,Female,0.65,4,4,2,2,0,1,3,0,0.55,0
H747,5,Female,0.62,4,6,1,2,0,0,1,1,2.84,0
H748,5,Male,0.29,6,1,2,1,0,0,1,0,3.23,2
H749,3,Female,0.89,1,2,1,1,0,1,2,0,4.83,1
H750,5,Male,0.78,4,4,2,0,1,1,1,0,3.15,1
H751,6,Male,0.25,3,6,1,1,0,2,1,0,2.62,1
H752,6,Male,0.77,4,1,2,1,0,0,1,0,3.08,0
H753,3,Male,0.63,3,6,2,2,0,1,1,1,4.68,0
H754,5,Female,0.27,2,3,2,1,0,0,1,0,4.23,1
H755,5,Male,0.57,6,3,2,0,0,2,1,0,1.95,0
H756,5,Female,0.59,1,5,2,1,0,1,1,0,1.57,0
H757,7,Female,0.33,4,2,2,0,0,2,1,0,1.68,1
H758,4,Female,0.96,3,3,1,2,1,0,3,0,2.77,2
H759,7,Female,0.88,5,6,2,0,0,2,1,0,3.85,0
H760,4,Male,0.74,1,2,2,1,0,2,3,0,2.76,0
H761,5,Male,0.57,2,3,2,2,1,0,3,0,0.81,0
H762,5,Female,0.53,3,5,1,1,0,2,0,0,3.76,0
H763,7,Female,0.72,6,4,1,2,0,0,0,0,4.13,2
H764,7,Male,0.64,6,5,1,2,0,1,3,0,1.8,1
H765,4,Female,0.25,2,1,2,1,0,0,3,0,3.49,0
H766,6,Male,0.61,2,3,1,1,0,0,1,0,2.42,1
H767,4,Female,0.85,6,1,1,2,1,1,0,0,4.5,0
H768,7,Male,0.57,4,1,2,2,0,0,2,1,4.3,2
H769,7,Female,0.24,4,6,2,1,0,1,0,0,2.86,1
H770,3,Female,0.83,3,2,1,0,1,1,3,1,3.61,2
H771,7,Male,0.36,5,6,2,1,1,0,3,0,4.48,0
H772,3,Female,0.41,3,3,2,2,0,2,1,1,2.73,2
H773,6,Female,0.33,5,1,2,1,0,2,1,0,1.91,2
H774,4,Male,0.46,2,4,2,0,0,1,0,1,3.89,0
H775,4,Female,0.81,1,1,1,1,1,2,1,0,1.49,0
H776,3,Male,0.62,3,4,2,2,1,2,2,0,2.25,1
H777,4,Male,0.36,3,6,1,1,0,0,2,1,4.4,0
H778,7,Female,0.9,5,6,1,2,0,1,1,0,3.76,1
H779,5,Female,0.9,2,2,1,2,0,1,2,0,2.32,2
H780,3,Female,0.9,2,1,1,1,1,0,2,0,1.47,2
H781,4,Female,0.39,5,5,2,2,0,2,0,1,2.1,1
H782,3,Female,0.56,2,6,2,2,0,1,2,0,1.78,0
H783,3,Female,0.99,6,6,2,0,1,2,3,0,1.29,0
H784,5,Female,0.82,4,2,1,0,0,1,3,0,3.84,2
H785,7,Male,0.22,6,4,1,0,0,1,0,0,1.63,1
H786,3,Female,0.25,1,2,1,0,0,1,1,0,2.54,2
H787,4,Male,0.57,3,1,2,2,0,1,0,0,2.24,2
H788,6,Female,0.93,1,3,1,1,0,2,1,0,4.92,0
H789,3,Female,0.63,3,3,2,2,0,2,1,1,2.26,1
H790,3,Male,0.6,4,4,2,2,0,2,1,0,0.86,2
H791,5,Female,0.28,2,6,2,2,1,2,1,0,0.9,0
H792,7,Female,0.73,6,4,2,1,0,0,1,0,3.16,2
H793,6,Male,0.86,5,6,1,0,0,1,0,0,3.2,2
H794,4,Female,0.5,6,6,2,2,0,1,1,0,2.38,0
H795,6,Female,0.82,4,3,1,2,1,1,2,0,2.44,0
H796,4,Female,0.97,1,4,2,0,1,0,2,0,0.74,1
H797,7,Male,0.36,5,2,1,2,0,2,1,0,2.82,2
H798,4,Female,0.62,2,6,1,1,0,1,2,0,2.77,1
H799,5,Female,0.43,4,5,2,2,0,2,3,0,1.17,0
H800,5,Female,0.83,5,5,2,2,0,2,0,0,0.97,0
H801,5,Female,0.66,4,2,2,0,0,0,0,0,1.06,2
H802,5,Male,0.71,4,5,1,2,1,0,1,0,0.95,1
H803,6,Male,0.84,2,1,2,2,1,2,1,0,3.24,1
H804,7,Female,0.52,3,6,2,1,0,1,3,0,1.38,2
H805,4,Female,0.93,5,2,1,0,1,1,1,0,1.63,2
H806,4,Male,0.63,2,4,2,0,1,0,2,0,1.28,1
H807,5,Male,0.33,4,6,1,1,0,0,3,0,4.81,0
H808,5,Female,0.76,2,2,2,2,0,0,2,0,4.35,0
H809,3,Male,0.83,3,3,1,0,1,0,0,0,1.54,2
H810,7,Female,0.45,6,4,1,0,0,0,2,1,1.97,1
H811,6,Male,0.89,5,3,2,2,1,0,0,1,1.44,1
H812,4,Male,0.92,3,6,1,2,1,0,2,0,2.71,1
H813,3,Male,0.42,1,4,2,0,0,1,0,0,0.59,0
H814,3,Male,0.99,5,5,2,2,1,0,1,0,3.52,0
H815,4,Female,0.31,3,2,1,0,1,0,2,0,2.85,1
H816,6,Male,0.36,4,6,2,2,0,1,0,0,4.54,1
H817,3,Male,0.35,5,1,1,2,0,1,2,0,1.24,2
H818,3,Female,0.92,5,4,1,1,0,2,3,0,4.12,2
H819,7,Male,0.72,2,4,1,2,0,0,1,0,4.06,1
H820,6,Male,0.32,4,6,1,1,0,0,0,0,1.07,1
H821,3,Female,0.55,1,6,1,2,0,0,3,0,2.29,0
H822,6,Male,0.69,6,3,1,0,0,0,2,0,1.27,1
H823,4,Female,0.27,3,5,1,0,0,2,3,0,1.65,2
H824,5,Female,0.91,2,3,1,2,1,1,2,0,1.68,0
H825,3,Female,0.84,3,3,2,2,1,1,1,0,3.0,2
H826,7,Female,0.6,1,5,2,0,1,0,3,0,2.35,2
H827,4,Male,0.97,1,1,1,2,0,0,1,0,4.76,0
H828,6,Female,0.53,5,3,2,1,1,0,0,0,1.07,2
H829,4,Male,0.99,1,3,2,1,1,2,2,0,4.88,1
H830,3,Male,0.73,3,4,2,1,0,2,2,0,1.54,2
H831,6,Male,0.71,4,5,2,1,0,1,1,1,3.98,0
H832,5,Male,0.33,4,2,2,1,0,0,1,0,2.03,0
H833,4,Male,0.91,5,1,2,2,1,0,0,0,1.14,0
H834,3,Male,0.54,6,1,1,2,0,0,3,0,4.36,2
H835,7,Male,0.33,3,5,2,1,0,0,2,1,1.89,1
H836,6,Male,0.21,3,6,2,2,0,2,2,0,3.46,0
H837,4,Male,0.65,1,6,2,2,0,1,0,1,3.05,1
H838,4,Male,0.62,3,4,2,1,0,1,0,0,2.62,0
H839,5,Female,0.78,2,4,1,2,0,2,1,0,2.73,1
H840,5,Female,0.91,6,5,1,2,0,0,1,1,3.8,1
H841,7,Female,0.26,1,4,1,2,1,1,3,0,0.89,1
H842,7,Male,0.79,2,1,1,1,0,1,0,0,3.51,0
H843,3,Female,0.35,5,1,2,2,0,2,3,0,4.53,2
H844,3,Female,0.89,4,2,1,0,0,0,0,0,0.76,2
H845,7,Female,0.86,5,6,1,0,0,1,2,0,1.13,2
H846,7,Male,0.63,4,5,1,1,0,0,0,0,3.72,1
H847,6,Male,0.77,5,3,1,0,0,1,0,0,2.47,0
H848,5,Male,0.45,3,6,2,1,1,2,2,0,2.32,1
H849,3,Male,0.58,2,3,1,0,1,0,0,1,1.12,0
H850,5,Female,0.86,4,2,2,0,1,2,3,0,2.78,1
H851,5,Female,0.57,1,2,1,0,0,1,1,0,1.07,0
H852,7,Female,0.49,2,4,2,1,0,2,1,0,2.64,0
H853,6,Female,0.6,1,2,2,1,1,2,3,0,3.94,0
H854,4,Male,0.86,2,2,1,2,0,2,2,0,1.66,1
H855,6,Male,0.47,2,3,1,1,0,1,0,1,2.66,2
H856,6,Male,0.34,5,4,1,0,0,0,3,0,4.96,1
H857,5,Female,0.77,4,2,1,0,0,2,1,0,3.59,1
H858,6,Male,0.86,4,6,2,1,0,0,1,0,4.29,0
H859,3,Male,0.28,2,2,2,1,1,1,3,0,2.37,0
H860,5,Female,0.39,3,4,1,1,0,0,1,1,3.96,2
H861,3,Female,0.31,3,5,1,2,0,2,3,0,0.68,2
H862,4,Male,0.48,1,4,2,0,1,2,1,0,1.05,0
H863,5,Male,0.56,1,3,1,2,1,2,3,0,1.41,2
H864,4,Male,0.8,5,5,2,2,0,2,0,0,2.31,2
H865,5,Male,0.72,2,6,1,0,0,2,0,0,4.31,0
H866,7,Male,0.7,1,1,2,0,1,2,0,0,2.06,1
H867,6,Male,0.48,1,4,2,1,1,1,0,0,3.45,2
H868,7,Female,0.87,6,3,2,1,0,1,1,0,3.69,0
H869,4,Female,0.58,2,6,2,2,1,1,2,0,3.14,2
H870,6,Female,0.98,5,5,2,1,0,0,3,1,2.11,2
H871,5,Male,0.71,1,6,1,1,0,0,2,1,3.1,0
H872,6,Female,0.3,5,4,2,0,0,1,1,0,2.04,2
H873,3,Male,0.74,4,2,1,0,0,0,1,0,0.88,2
H874,6,Male,0.46,5,4,2,1,1,0,2,0,4.97,2
H875,3,Female,0.75,3,1,2,0,0,2,2,0,1.07,1
H876,6,Male,0.26,3,4,1,1,0,2,1,0,0.83,1
H877,3,Male,0.34,5,5,1,0,0,0,1,0,4.45,2
H878,4,Female,0.88,3,5,1,0,0,0,3,1,1.86,0
H879,7,Female,0.38,4,4,1,0,0,1,0,1,3.43,2
H880,5,Female,0.87,2,5,2,0,0,0,0,0,1.98,2
H881,6,Male,0.42,3,2,1,1,0,2,3,0,2.26,1
H882,7,Female,0.71,3,6,2,2,1,0,2,0,1.68,1
H883,5,Female,0.76,5,4,1,0,0,1,1,0,2.04,1
H884,5,Male,0.61,4,2,1,1,0,2,2,0,2.35,2
H885,3,Female,0.44,2,6,2,1,1,2,0,0,3.74,2
H886,4,Female,0.37,5,6,2,0,0,2,0,1,2.8,0
H887,4,Female,0.23,5,2,1,2,0,2,2,0,4.75,2
H888,7,Male,0.44,6,3,2,0,1,0,0,0,0.69,2
H889,4,Male,0.72,4,4,2,1,0,1,1,0,2.76,1
H890,6,Male,0.95,2,6,2,2,0,0,3,0,3.13,1
H891,4,Male,0.9,4,6,2,1,0,0,2,0,4.64,1
H892,7,Female,0.81,2,5,2,0,0,2,1,1,0.72,1
H893,4,Male,0.83,4,6,2,2,1,1,1,0,3.08,1
H894,6,Male,0.73,5,2,2,1,0,2,0,0,4.34,0
H895,3,Female,0.41,5,6,2,1,1,0,1,0,1.59,0
H896,7,Female,0.93,1,3,1,1,1,0,2,0,4.44,0
H897,3,Female,0.74,3,4,2,0,0,2,1,0,0.59,1
H898,3,Male,0.65,6,4,1,2,0,0,3,0,3.8,1
H899,3,Male,0.29,4,6,2,0,0,0,1,0,4.7,1
H900,5,Male,0.56,6,1,2,0,0,2,1,0,3.46,0
H901,5,Female,0.57,1,1,2,0,0,0,3,0,2.48,1
H902,3,Female,0.89,3,2,2,2,1,1,1,0,0.7,0
H903,7,Male,0.64,4,1,1,0,1,2,1,0,4.64,1
H904,6,Female,0.5,2,2,1,0,0,1,0,0,2.62,2
H905,6,Female,0.98,3,5,2,0,0,0,2,0,0.63,0
H906,4,Female,0.29,5,2,1,0,1,0,0,0,3.6,2
H907,7,Male,0.54,1,1,2,1,0,2,2,0,2.67,0
H908,5,Female,0.23,3,6,2,0,1,0,3,0,1.06,1
H909,3,Female,0.79,3,5,1,1,0,2,3,0,1.46,1
H910,4,Male,0.93,5,1,1,0,0,2,3,0,0.79,2
H911,6,Male,0.42,4,2,2,2,1,2,2,0,3.08,1
H912,5,Female,0.89,2,3,2,1,0,2,2,0,3.3,0
H913,5,Female,0.43,5,4,1,1,1,2,2,0,2.78,1
H914,3,Male,0.93,2,1,2,1,1,1,3,0,4.18,1
H915,6,Male,0.8,4,2,1,1,0,2,2,0,4.37,0
H916,7,Female,0.84,3,5,2,2,0,1,1,0,3.27,2
H917,5,Female,0.21,2,1,2,0,1,0,0,0,0.56,2
H918,3,Female,0.97,1,1,1,1,1,2,3,1,3.63,1
H919,7,Female,0.78,1,4,1,2,0,0,0,0,2.38,0
H920,6,Male,0.44,5,2,1,1,1,2,1,0,3.05,2
H921,5,Female,0.86,4,3,2,0,0,1,2,0,3.42,2
H922,7,Female,0.43,5,5,2,1,0,1,0,0,2.08,1
H923,7,Male,0.9,5,2,2,2,1,1,1,0,4.63,0
H924,7,Female,0.29,6,5,2,0,0,0,1,0,1.1,2
H925,5,Male,0.76,5,1,1,2,1,2,0,1,3.52,1
H926,5,Female,0.63,6,4,2,0,0,0,3,1,0.52,1
H927,4,Female,0.28,1,4,2,0,0,1,0,0,4.66,1
H928,6,Male,0.39,1,6,2,0,0,0,3,0,1.01,1
H929,3,Male,0.21,5,3,1,1,0,1,2,0,0.93,2
H930,7,Female,0.58,1,4,2,2,0,1,3,0,2.0,0
H931,4,Female,0.44,4,1,2,2,0,1,2,0,2.18,1
H932,3,Female,0.68,6,3,1,2,0,2,0,0,1.46,1
H933,4,Male,0.44,6,2,2,0,0,2,2,0,3.13,2
H934,5,Female,0.44,5,4,2,1,0,1,1,0,2.49,1
H935,7,Male,0.79,1,3,1,0,1,0,2,0,0.65,1
H936,3,Male,0.24,2,1,2,2,0,0,3,1,1.94,0
H937,3,Female,0.92,6,6,2,1,0,2,3,0,4.15,1
H938,3,Male,0.88,5,5,2,1,0,1,3,0,3.6,2
H939,3,Female,0.73,5,5,1,1,0,0,2,0,3.76,0
H940,3,Female,0.67,4,1,2,2,0,1,3,0,3.64,2
H941,4,Female,0.91,3,1,2,1,0,0,3,0,1.9,0
H942,7,Female,0.35,3,5,1,1,0,2,1,0,0.95,0
H943,5,Female,0.26,6,6,1,0,1,1,2,0,1.73,1
H944,5,Male,0.39,4,3,2,0,1,1,1,0,4.24,1
H945,5,Male,0.84,4,5,2,1,0,0,3,0,4.91,1
H946,5,Female,0.23,4,1,2,1,0,0,3,0,2.72,2
H947,4,Female,0.67,6,4,2,0,0,0,3,0,0.54,1
H948,6,Male,1.0,3,2,1,0,0,1,2,0,1.13,1
H949,7,Male,0.88,4,6,2,0,0,2,0,0,1.95,0
H950,3,Male,0.62,1,6,1,2,0,2,3,0,3.1,1
H951,6,Male,0.25,5,4,1,2,0,0,3,0,0.84,1
H952,5,Female,0.87,5,4,2,0,0,2,3,1,4.75,1
H953,6,Female,0.68,2,1,2,1,0,0,3,0,2.14,1
H954,7,Male,0.29,2,5,1,0,0,2,2,0,4.61,0
H955,3,Female,0.28,6,3,1,2,0,1,0,0,4.01,1
H956,3,Male,0.93,6,6,2,1,0,0,0,0,3.9,0
H957,7,Female,0.74,5,6,1,2,0,2,0,0,3.23,2
H958,7,Male,0.86,1,4,2,1,0,1,3,1,3.32,1
H959,5,Female,0.9,3,5,2,2,0,2,3,0,3.37,1
H960,3,Male,0.66,3,6,1,1,0,1,0,0,3.33,1
H961,6,Male,0.61,6,3,1,1,0,1,0,0,2.99,0
H962,4,Female,0.54,1,4,2,1,0,2,3,0,4.94,1
H963,4,Male,0.45,6,3,1,1,0,2,3,1,3.8,1
H964,7,Female,0.55,3,5,2,2,0,1,1,0,4.0,2
H965,5,Female,0.82,6,6,2,2,0,1,1,0,4.43,0
H966,4,Male,0.68,4,2,2,1,0,1,1,0,1.47,0
H967,3,Female,0.91,6,6,1,1,0,0,0,0,0.88,2
H968,7,Female,0.55,5,5,2,2,1,1,2,0,2.67,0
H969,6,Female,0.69,6,6,2,1,0,0,3,0,2.81,1
H970,7,Female,0.71,5,6,2,1,0,1,1,0,4.23,1
H971,6,Female,0.67,1,1,2,1,1,0,2,0,2.5,2
H972,7,Male,0.76,3,6,2,0,1,1,3,0,3.07,0
H973,7,Female,0.39,2,6,2,1,0,1,2,0,2.87,0
H974,7,Female,0.61,2,3,2,0,0,1,0,0,0.67,0
H975,6,Female,0.28,3,2,2,1,0,2,0,0,3.27,2
H976,6,Female,0.51,2,3,2,2,0,2,0,0,4.23,1
H977,7,Female,0.59,6,3,2,0,0,1,1,1,1.21,2
H978,4,Male,0.72,1,4,2,0,0,0,3,0,3.17,1
H979,5,Female,0.96,1,1,1,1,0,0,0,1,3.17,2
H980,5,Male,0.68,3,3,2,1,1,1,1,1,1.24,1
H981,5,Male,0.79,2,5,2,0,1,2,1,0,1.06,0
H982,6,Male,0.61,6,5,2,2,0,0,1,0,4.91,0
H983,6,Male,0.71,1,6,1,2,0,2,1,0,2.27,0
H984,4,Female,0.26,1,4,2,1,0,0,0,0,1.52,2
H985,5,Male,0.4,4,1,1,2,1,1,1,0,1.27,2
H986,5,Male,0.49,4,1,2,2,0,2,0,0,3.5,2
H987,7,Female,0.58,1,6,2,1,0,0,0,0,3.24,0
H988,6,Female,0.24,3,5,1,2,0,1,1,0,3.4,1
H989,5,Female,0.31,5,2,2,1,0,1,0,0,0.9,0
H990,4,Male,0.42,5,4,1,0,0,1,3,0,4.52,0
H991,4,Female,0.98,6,6,1,1,1,2,3,0,2.25,1
H992,5,Female,0.47,1,4,2,0,0,2,2,0,1.91,1
H993,6,Male,0.59,1,5,2,0,0,1,3,0,2.58,1
H994,4,Female,0.36,1,5,2,2,0,2,0,0,2.26,1
H995,7,Female,0.69,3,2,2,2,0,0,0,1,4.39,0
H996,4,Female,0.42,4,2,1,2,1,1,3,0,4.68,2
H997,3,Female,0.37,1,1,1,1,1,1,1,0,1.87,0
H998,3,Male,0.61,1,4,2,2,1,2,1,0,4.39,1
H999,6,Female,0.2,2,4,1,0,1,1,0,0,4.02,2
H1000,5,Female,0.21,3,5,1,2,0,0,1,0,4.69,2
